250
200
150
100
50
319
1
311
344
85
494
510
1
410
58
184
12
13
14
13
430
135
43
377
2
35
17
1323
117
33
752
80
839
51
38
610
227
31
241
170
167
230
157
786
56
1
246
49
42
212
29
177
254
65
13
11
-1
14
-1
-1
-1
-1
-1
-1
-1
-1
-1
-1
-1
-1
-1
-1
-1
-1
-1
11
-1
-1
-1
-1
-1
-1
-1
-1
-1
-1
-1
-1
12
1489
1
217
20
283
617
12
17
14
36
1
60
108
30
9
1608

1

1





11

1497
11
12
13
12
11
11
26

11
1550
26
13
16
2
32